4294967294,0
4294967279,30
4294967279,29
4294967279,28
4294967279,27
4294967279,25
4294967279,24
4294967279,23
4294967279,22
4294967279,21
4294967279,19
4294967279,17
4294967279,16
4294967279,13
4294967279,11
4294967279,10
4294967278,199
4294967278,198
4294967294,471
4294967294,93
4294967294,95
4294967278,197
4294967294,50
4294967294,1417
4294967294,43
4294967294,180
4294967294,175
4294967294,183
4294967294,176
4294967294,12
4294967294,1016
4294967294,27
4294967294,160
4294967294,168
4294967294,162
4294967294,92
4294967294,88
4294967294,104
4294967294,106
4294967294,166
4294967294,24
4294967294,189
4294967294,384
4294967294,190
4294967294,1414
4294967294,22
4294967294,17
4294967294,42
4294967294,99
4294967294,76
4294967294,417
4294967294,51
4294967294,52
4294967294,1
4294967294,25
4294967294,444
4294967294,26
4294967294,421
4294967294,67
4294967294,81
4294967294,1098
4294967294,82
4294967294,1415
4294967294,83
4294967294,11
4294967294,68
4294967278,291
4294967278,132
4294967278,369
4294967278,131
4294967278,130
4294967278,256
4294967278,129
4294967278,128
4294967278,127
4294967278,126
4294967278,125
4294967278,336
4294967278,124
4294967278,123
4294967278,122
4294967278,121
4294967278,120
4294967278,247
4294967278,119
4294967278,245
4294967278,118
4294967278,243
4294967278,117
4294967278,116
4294967278,239
4294967278,115
4294967278,114
4294967278,279
4294967278,113
4294967278,112
4294967278,111
4294967278,110
4294967278,109
4294967278,271
4294967278,108
4294967278,225
4294967278,107
4294967278,106
4294967278,221
4294967278,105
4294967278,104
4294967278,103
4294967278,102
4294967278,101
4294967278,100
4294967278,99
4294967278,98
4294967278,97
4294967278,332
4294967278,96
4294967278,95
4294967278,94
4294967278,93
4294967278,92
4294967278,364
4294967278,91
4294967278,90
4294967278,329
4294967278,89
4294967278,87
4294967278,328
4294967278,86
4294967278,85
4294967278,84
4294967278,80
4294967278,79
4294967278,78
4294967278,77
4294967278,362
4294967278,76
4294967278,376
4294967278,75
4294967278,324
4294967278,74
4294967278,73
4294967278,323
4294967278,72
4294967278,71
4294967278,70
4294967278,69
4294967278,68
4294967278,373
4294967278,67
4294967278,66
4294967278,65
4294967278,64
4294967278,63
4294967278,62
4294967278,61
4294967278,60
4294967279,79
4294967279,77
4294967279,567
4294967279,76
4294967279,552
4294967279,70
4294967279,69
4294967279,68
4294967279,308
4294967279,63
4294967279,303
4294967279,58
4294967279,56
4294967279,300
4294967279,55
4294967279,562
4294967279,50
4294967279,48
4294967279,47
4294967279,45
4294967279,43
4294967279,574
4294967279,526
4294967279,36
4294967279,35
4294967279,34
4294967279,293
4294967279,31
4294967279,525
4294967279,26
4294967279,524
4294967279,291
4294967279,20
4294967279,268
4294967279,18
4294967279,548
4294967279,15
4294967279,547
4294967279,14
4294967279,12
4294967279,259
4294967279,546
4294967279,9
4294967279,538
4294967279,544
4294967279,8
4294967279,7
4294967279,6
4294967279,5
4294967279,4
4294967278,83
4294967278,353
4294967278,350
4294967278,347
4294967278,0
4294967278,82
4294967279,314
0,5
4294967278,81
4294967278,326
4294967279,81
4294967294,6
105,6
105,5
105,4
105,3
105,2
105,1
4294967278,333
4294967279,321
102,6
102,5
102,4
102,3
102,2
102,1
4294967278,255
4294967279,320
4294967278,227
4294967279,240
99,6
99,5
99,4
99,3
99,2
99,1
4294967279,311
4294967279,288
96,6
96,5
96,4
96,3
96,2
96,1
93,4
93,3
93,2
93,1
4294967294,437
4294967278,319
92,5
92,4
92,3
92,2
92,1
4294967279,573
4294967294,1419
90,5
90,4
90,3
90,2
90,1
4294967279,566
88,6
88,5
88,4
88,3
88,2
88,1
4294967278,311
87,5
87,4
87,3
87,2
87,1
4294967279,564
86,5
86,4
86,3
86,2
86,1
85,5
85,4
85,3
85,2
85,1
83,4
83,3
83,2
83,1
4294967294,472
4294967294,1101
4294967278,284
4294967279,560
4294967279,550
4294967279,539
4294967293,131
4294967293,130
4294967293,129
4294967293,128
4294967293,127
4294967293,126
4294967293,125
4294967293,124
4294967293,123
4294967293,122
4294967293,121
4294967293,120
4294967293,119
4294967293,118
4294967293,117
4294967293,116
4294967293,115
4294967293,114
4294967293,113
4294967293,112
4294967293,111
4294967293,110
